1.849953337963193278e-01
1.220791153064167828e-01
1.207852834967049066e-01
1.228427194437150399e-01
9.455383373759802534e-01
9.166822349592030905e-01
3.093723093842066230e-01
9.361829914020973822e-03
2.275558602520605378e-01
1.893130713175710800e-01
1.697399271602882120e-01
1.204080283785077116e-01
8.265533099532218486e-01
9.178534931411523601e-02
8.516397137795386207e-01
3.987170063430517386e-02
2.916344816415556984e-01
1.510439877980483681e-01
2.708835857533165026e-01
6.273139763444497696e-02
1.450786927083113909e-01
2.209632019640479506e-01
1.217282309852343591e-01
4.457694353603389170e-02
2.213137546093186803e-01
2.223133600074234661e-01
3.785960663552686567e-01
9.805251710505005769e-02
9.844233682964743937e-02
1.150523487669960904e-01
4.122508264018688307e-01
5.835676369521149986e-01
7.013397235469355506e-02
1.849199339525259833e-01
7.390333519817000874e-02
2.900645567048353302e-01
3.640263853185420895e-01
2.808386177503572334e-01
1.038725373185877127e-01
1.818640948021824424e-02
2.285281406293774298e-01
6.809466479580217335e-02
2.028854515275636816e-01
3.156093254718487784e-01
8.909837287042988996e-02
2.237065374953622621e-01
2.562076747457950332e-01
3.695713821039756791e-02
1.410424749423894453e-01
1.568386884847446094e-01
9.317855755325075151e-01
7.358836243389835774e-01
7.833305536421948378e-01
8.592675208406634901e-01
5.865927228934771920e-01
8.451064952172455680e-01
9.096532645879562562e-01
6.675485729388077605e-01
6.507423247140727840e-01
9.565950933272547863e-01
8.962023761185582416e-01
4.227020740207216853e-01
9.773337772523212896e-01
6.752938634585573530e-01
5.098909783257866701e-01
9.794628855105931287e-01
9.524517947107902227e-01
8.125922125115723205e-01
9.021820086755800716e-01
4.216910684263184272e-01
6.252297764873447905e-01
4.783866352161887381e-01
3.509581962519793263e-01
9.847919195976815310e-01
2.575119945501317953e-01
8.466291335983923139e-01
8.244665108900807171e-01
7.249136108070145523e-01
8.390147432197282706e-02
7.632555600825318143e-01
7.534911264891059890e-01
8.903322709138821178e-01
8.931204499595779556e-01
9.624907499097895558e-01
7.666126826327038790e-01
9.547908339562359847e-01
9.955925620700197820e-01
4.095736104273899336e-01
9.809345620424821943e-01
8.975747114456649189e-01
7.353312156993743187e-01
4.907089544429926176e-01
5.643886822644917922e-01
8.609824539022298273e-01
2.190553037710979145e-01
9.477372885409662828e-01
8.910611597488975466e-01
6.731991938597479130e-01
8.274172566817079577e-01
9.788009697102010298e-01
